0.000000000000000000e+00 2.771358200256017668e+01
5.200000000000000000e+02 2.689248939110166248e+01
1.040000000000000000e+03 2.676924678595597840e+01
1.560000000000000000e+03 2.603334864013467254e+01
2.080000000000000000e+03 2.542383149867267988e+01
2.600000000000000000e+03 2.531448395905671944e+01
3.120000000000000000e+03 2.477332031089783726e+01
3.640000000000000000e+03 2.449967930024607554e+01
4.160000000000000000e+03 2.457413869356801683e+01
4.680000000000000000e+03 2.447378375741464041e+01
5.200000000000000000e+03 2.416762152764382421e+01
5.720000000000000000e+03 2.409419753084931415e+01
6.240000000000000000e+03 2.380378327499201419e+01
6.760000000000000000e+03 2.406062837576579483e+01
7.280000000000000000e+03 2.416486109100885926e+01
7.800000000000000000e+03 2.421834297812620918e+01
8.320000000000000000e+03 2.396368145072947087e+01
8.840000000000000000e+03 2.435965421951147292e+01
9.360000000000000000e+03 2.440733167659280411e+01
9.880000000000000000e+03 2.444195694002285535e+01
1.040000000000000000e+04 2.418537240947460987e+01
1.092000000000000000e+04 2.467972491765882026e+01
1.144000000000000000e+04 2.631012882361183358e+01
1.196000000000000000e+04 2.747543952779887633e+01
1.248000000000000000e+04 2.758068565462633615e+01
1.300000000000000000e+04 2.754158277690011047e+01
1.352000000000000000e+04 2.674813968150285604e+01
1.404000000000000000e+04 2.530076635994384660e+01
1.456000000000000000e+04 2.357368218831691564e+01
1.508000000000000000e+04 2.197414727096639098e+01
1.560000000000000000e+04 2.057244063569975978e+01
1.612000000000000000e+04 1.875251713518870389e+01
1.664000000000000000e+04 1.755597817478048839e+01
1.716000000000000000e+04 1.669959125481448581e+01
1.768000000000000000e+04 1.629085626714677915e+01
1.820000000000000000e+04 1.523764503660895464e+01
1.872000000000000000e+04 1.480248984337579721e+01
1.924000000000000000e+04 1.422198278272756866e+01
1.976000000000000000e+04 1.400865593067454640e+01
2.028000000000000000e+04 1.363354014827063843e+01
2.080000000000000000e+04 1.349223524249715744e+01
2.132000000000000000e+04 1.362066454469354859e+01
2.184000000000000000e+04 1.372388357433126593e+01
2.236000000000000000e+04 1.384150798290701800e+01
2.288000000000000000e+04 1.403145146783178276e+01
2.340000000000000000e+04 1.446675630666473644e+01
2.392000000000000000e+04 1.481582005658189694e+01
2.444000000000000000e+04 1.511318532610653165e+01
2.496000000000000000e+04 1.588817644092365988e+01
2.548000000000000000e+04 1.645053981404245746e+01
2.600000000000000000e+04 1.718983439204607322e+01
2.652000000000000000e+04 1.793487999922303544e+01
2.704000000000000000e+04 1.902653041406115975e+01
2.756000000000000000e+04 2.038500429039448747e+01
2.808000000000000000e+04 2.150413731167547127e+01
2.860000000000000000e+04 2.294973581203884549e+01
2.912000000000000000e+04 2.430082703157461310e+01
2.964000000000000000e+04 2.570068634770443694e+01
3.016000000000000000e+04 2.820113015031016701e+01
3.068000000000000000e+04 3.044632776181337164e+01
3.120000000000000000e+04 3.235618279651048113e+01
3.172000000000000000e+04 3.403594940664637392e+01
3.224000000000000000e+04 3.571778614646796512e+01
3.276000000000000000e+04 3.742425003572221698e+01
3.328000000000000000e+04 3.880100500631450444e+01
3.380000000000000000e+04 4.071367186333066712e+01
3.432000000000000000e+04 4.227829039088934593e+01
3.484000000000000000e+04 4.376497540505329198e+01
3.536000000000000000e+04 4.643724729636025472e+01
3.588000000000000000e+04 4.871515431875407387e+01
3.640000000000000000e+04 5.010897423937762341e+01
3.692000000000000000e+04 5.184340518903739081e+01
3.744000000000000000e+04 5.409864630503503946e+01
3.796000000000000000e+04 5.568254532710061966e+01
3.848000000000000000e+04 5.836050539266116743e+01
3.900000000000000000e+04 5.958377217854780383e+01
3.952000000000000000e+04 6.155704668209040165e+01
4.004000000000000000e+04 6.256100935519613415e+01
4.056000000000000000e+04 6.440343747962330667e+01
4.108000000000000000e+04 6.566017794901645743e+01
4.160000000000000000e+04 6.729967254616322236e+01
4.212000000000000000e+04 6.886510850466505929e+01
4.264000000000000000e+04 6.971314477099764417e+01
4.316000000000000000e+04 7.133750433483359643e+01
4.368000000000000000e+04 7.209129340182516898e+01
4.420000000000000000e+04 7.255549816743616987e+01
4.472000000000000000e+04 7.429260561218656278e+01
4.524000000000000000e+04 7.429230950579231774e+01
4.576000000000000000e+04 7.482754725990847078e+01
4.628000000000000000e+04 7.596600453315087975e+01
4.680000000000000000e+04 7.607081452029972013e+01
4.732000000000000000e+04 7.582894627619660355e+01
4.784000000000000000e+04 7.595991316015089012e+01
4.836000000000000000e+04 7.635343314576232387e+01
4.888000000000000000e+04 7.662842784805798146e+01
4.940000000000000000e+04 7.537334153093227940e+01
4.992000000000000000e+04 7.588018903927947179e+01
5.044000000000000000e+04 7.541371333964782764e+01
5.096000000000000000e+04 7.424182435365226240e+01
5.148000000000000000e+04 7.372892553963134787e+01
