0.000000000000000000e+00 6.199533950601561827e+01
5.200000000000000000e+02 6.292915991498949779e+01
1.040000000000000000e+03 6.449163387244372814e+01
1.560000000000000000e+03 6.511622781605662169e+01
2.080000000000000000e+03 6.745929253367822298e+01
2.600000000000000000e+03 6.898053964113648817e+01
3.120000000000000000e+03 6.943655863804490025e+01
3.640000000000000000e+03 7.026686101042194821e+01
4.160000000000000000e+03 7.073160397196441806e+01
4.680000000000000000e+03 7.106642552672755642e+01
5.200000000000000000e+03 7.147094713275888012e+01
5.720000000000000000e+03 7.208858651555041774e+01
6.240000000000000000e+03 7.113090369766716492e+01
6.760000000000000000e+03 6.990334876539860431e+01
7.280000000000000000e+03 7.004675057568124430e+01
7.800000000000000000e+03 6.948726658909590981e+01
8.320000000000000000e+03 6.801952980122925396e+01
8.840000000000000000e+03 6.739014805166938515e+01
9.360000000000000000e+03 6.755906875688005186e+01
9.880000000000000000e+03 6.780099922409348778e+01
1.040000000000000000e+04 6.682210647217875987e+01
1.092000000000000000e+04 6.622310473849006485e+01
1.144000000000000000e+04 6.713549140940897075e+01
1.196000000000000000e+04 6.503513355069864588e+01
1.248000000000000000e+04 6.433132665961461782e+01
1.300000000000000000e+04 6.360770490899012231e+01
1.352000000000000000e+04 6.380281346349312344e+01
1.404000000000000000e+04 6.082085984568772119e+01
1.456000000000000000e+04 5.916052612795848376e+01
1.508000000000000000e+04 5.621809943100252838e+01
1.560000000000000000e+04 5.337104163882455765e+01
1.612000000000000000e+04 4.784902440119660127e+01
1.664000000000000000e+04 4.473808834089160769e+01
1.716000000000000000e+04 3.788718170786879824e+01
1.768000000000000000e+04 2.837743632919667647e+01
1.820000000000000000e+04 2.061841820217296117e+01
1.872000000000000000e+04 1.174665508829101768e+01
1.924000000000000000e+04 6.559811434678139541e+00
1.976000000000000000e+04 3.862298869479085628e+00
2.028000000000000000e+04 1.936970480878330125e+00
2.080000000000000000e+04 7.782122782247457016e-01
2.132000000000000000e+04 4.109350724024772861e-01
2.184000000000000000e+04 2.303173112745711404e-01
2.236000000000000000e+04 1.599729897748949914e-01
2.288000000000000000e+04 1.394661418422332155e-01
2.340000000000000000e+04 1.244728954506472557e-01
2.392000000000000000e+04 1.131611680584189567e-01
2.444000000000000000e+04 1.132180747617219513e-01
2.496000000000000000e+04 1.025583524278670527e-01
2.548000000000000000e+04 1.038749035379868541e-01
2.600000000000000000e+04 9.730131171351071029e-02
2.652000000000000000e+04 9.985821759259259911e-02
2.704000000000000000e+04 1.049054783950617298e-01
2.756000000000000000e+04 9.928385416643409345e-02
2.808000000000000000e+04 9.221064814814815269e-02
2.860000000000000000e+04 1.030063657407407351e-01
2.912000000000000000e+04 9.419849537037036646e-02
2.964000000000000000e+04 8.594618055555555691e-02
3.016000000000000000e+04 8.853973765432099352e-02
3.068000000000000000e+04 8.598572530864197205e-02
3.120000000000000000e+04 8.589602623456790709e-02
3.172000000000000000e+04 8.376832561728395077e-02
3.224000000000000000e+04 7.786458333333333426e-02
3.276000000000000000e+04 8.346161265432099075e-02
3.328000000000000000e+04 8.983892746913579863e-02
3.380000000000000000e+04 8.379340277777777568e-02
3.432000000000000000e+04 8.373360339506172312e-02
3.484000000000000000e+04 8.151523919753086989e-02
3.536000000000000000e+04 8.715277777777777346e-02
3.588000000000000000e+04 8.189911265339069879e-02
3.640000000000000000e+04 8.626157407314380410e-02
3.692000000000000000e+04 7.910252700407971460e-02
3.744000000000000000e+04 8.218026617556298263e-02
3.796000000000000000e+04 9.788628436848623160e-02
3.848000000000000000e+04 9.926504584604455006e-02
3.900000000000000000e+04 1.007253081498613173e-01
3.952000000000000000e+04 1.172964879918981240e-01
4.004000000000000000e+04 1.212287808641975273e-01
4.056000000000000000e+04 1.340986683281978342e-01
4.108000000000000000e+04 1.199175346829182420e-01
4.160000000000000000e+04 1.149840855641910825e-01
4.212000000000000000e+04 1.054427083184489716e-01
4.264000000000000000e+04 8.567081403739568168e-02
4.316000000000000000e+04 7.494164727398071324e-02
4.368000000000000000e+04 7.662422781364162938e-02
4.420000000000000000e+04 7.280237267937099410e-02
4.472000000000000000e+04 6.459635411433885255e-02
4.524000000000000000e+04 6.984616098053625377e-02
4.576000000000000000e+04 6.927420909912407332e-02
4.628000000000000000e+04 6.661940577117030082e-02
4.680000000000000000e+04 6.878568668281172249e-02
4.732000000000000000e+04 6.301408178919318259e-02
4.784000000000000000e+04 5.974006558432664454e-02
4.836000000000000000e+04 6.423466432371113810e-02
4.888000000000000000e+04 6.098379622094425578e-02
4.940000000000000000e+04 5.761525845951358943e-02
4.992000000000000000e+04 5.908227237445010105e-02
5.044000000000000000e+04 5.213348765432098547e-02
5.096000000000000000e+04 5.376350306316294431e-02
5.148000000000000000e+04 4.881655081336299523e-02
