0.000000000000000000e+00 4.205115824349078046e+00
2.600000000000000000e+02 4.202567344463079557e+00
5.200000000000000000e+02 4.200943245795414782e+00
7.800000000000000000e+02 4.194441171131830792e+00
1.040000000000000000e+03 4.191160622530224700e+00
1.300000000000000000e+03 4.187172423235644203e+00
1.560000000000000000e+03 4.191271992907260824e+00
1.820000000000000000e+03 4.181006485510660120e+00
2.080000000000000000e+03 4.178129115146830941e+00
2.340000000000000000e+03 4.173314938585641620e+00
2.600000000000000000e+03 4.171255637980565645e+00
2.860000000000000000e+03 4.168305458885751769e+00
3.120000000000000000e+03 4.160564902059796566e+00
3.380000000000000000e+03 4.158949535126225783e+00
3.640000000000000000e+03 4.162197764844601799e+00
3.900000000000000000e+03 4.154796919545848510e+00
4.160000000000000000e+03 4.147140853758138235e+00
4.420000000000000000e+03 4.145832198917955402e+00
4.680000000000000000e+03 4.141285881716696871e+00
4.940000000000000000e+03 4.136595794405670823e+00
5.200000000000000000e+03 4.129760642832566830e+00
5.460000000000000000e+03 4.131290184813857458e+00
5.720000000000000000e+03 4.125247531948218693e+00
5.980000000000000000e+03 4.117338547235502411e+00
6.240000000000000000e+03 4.114848242734398198e+00
6.500000000000000000e+03 4.108818558997583636e+00
6.760000000000000000e+03 4.106348451441225400e+00
7.020000000000000000e+03 4.107725195745706159e+00
7.280000000000000000e+03 4.097769809281706976e+00
7.540000000000000000e+03 4.095767759863363722e+00
7.800000000000000000e+03 4.096216341737807909e+00
8.060000000000000000e+03 4.096233379722356460e+00
8.320000000000000000e+03 4.095891415305346506e+00
8.580000000000000000e+03 4.090535231426795981e+00
8.840000000000000000e+03 4.098966217794518307e+00
9.100000000000000000e+03 4.089787601997973532e+00
9.360000000000000000e+03 4.083728633265901742e+00
9.620000000000000000e+03 4.088793201289880663e+00
9.880000000000000000e+03 4.084384141108499122e+00
1.014000000000000000e+04 4.086767178637887632e+00
1.040000000000000000e+04 4.082892762831457745e+00
1.066000000000000000e+04 4.082231264861009734e+00
1.092000000000000000e+04 4.082993557061020518e+00
1.118000000000000000e+04 4.086257287377057068e+00
1.144000000000000000e+04 4.079329419490905551e+00
1.170000000000000000e+04 4.081169170663155654e+00
1.196000000000000000e+04 4.073993331835726650e+00
1.222000000000000000e+04 4.081779541299753511e+00
1.248000000000000000e+04 4.086804045686003306e+00
1.274000000000000000e+04 4.083064777231769860e+00
1.300000000000000000e+04 4.078149015771908914e+00
1.326000000000000000e+04 4.076749831855980055e+00
1.352000000000000000e+04 4.079954068949720458e+00
1.378000000000000000e+04 4.081137319054439772e+00
1.404000000000000000e+04 4.071680994154396771e+00
1.430000000000000000e+04 4.084006913316340359e+00
1.456000000000000000e+04 4.084838658289321245e+00
1.482000000000000000e+04 4.079094485913670631e+00
1.508000000000000000e+04 4.089669334016055480e+00
1.534000000000000000e+04 4.091001092756805235e+00
1.560000000000000000e+04 4.087182071941847461e+00
1.586000000000000000e+04 4.090588225093197750e+00
1.612000000000000000e+04 4.091329531703501665e+00
1.638000000000000000e+04 4.102127096860830768e+00
1.664000000000000000e+04 4.102770490196934183e+00
1.690000000000000000e+04 4.103332765817219396e+00
1.716000000000000000e+04 4.096700114525422265e+00
1.742000000000000000e+04 4.091550446034000643e+00
1.768000000000000000e+04 4.096020669298008343e+00
1.794000000000000000e+04 4.089919172301191175e+00
1.820000000000000000e+04 4.090269041811104067e+00
1.846000000000000000e+04 4.097131459523960295e+00
1.872000000000000000e+04 4.098197633728861256e+00
1.898000000000000000e+04 4.109415095677999119e+00
1.924000000000000000e+04 4.117512692036544131e+00
1.950000000000000000e+04 4.123244048501833348e+00
1.976000000000000000e+04 4.163809077135628200e+00
2.002000000000000000e+04 4.175028443477978968e+00
2.028000000000000000e+04 4.200964435307470879e+00
2.054000000000000000e+04 4.242546992032823816e+00
2.080000000000000000e+04 4.319157872453345703e+00
2.106000000000000000e+04 4.383864968831717057e+00
2.132000000000000000e+04 4.496163871778332322e+00
2.158000000000000000e+04 4.692190009751442403e+00
2.184000000000000000e+04 4.844382876088535461e+00
2.210000000000000000e+04 5.014786759523168769e+00
2.236000000000000000e+04 5.330954912857497341e+00
2.262000000000000000e+04 5.530578156442262916e+00
2.288000000000000000e+04 5.735307484059570804e+00
2.314000000000000000e+04 6.053693243481563790e+00
2.340000000000000000e+04 6.200702170345798514e+00
2.366000000000000000e+04 6.337666156102574888e+00
2.392000000000000000e+04 6.535226388570777090e+00
2.418000000000000000e+04 6.558094271727105351e+00
2.444000000000000000e+04 6.565138292073271487e+00
2.470000000000000000e+04 6.623098227933987836e+00
2.496000000000000000e+04 6.413693035562738842e+00
2.522000000000000000e+04 6.325164251240638080e+00
2.548000000000000000e+04 6.008502915709611258e+00
2.574000000000000000e+04 5.827398083155149067e+00
2.600000000000000000e+04 5.501508425762876797e+00
2.626000000000000000e+04 5.279180087024543333e+00
2.652000000000000000e+04 5.097063234367726459e+00
2.678000000000000000e+04 4.957014837530490325e+00
2.704000000000000000e+04 4.711203353334735944e+00
2.730000000000000000e+04 4.618110349622541300e+00
2.756000000000000000e+04 4.563649541979299507e+00
2.782000000000000000e+04 4.481386949386216401e+00
2.808000000000000000e+04 4.452111741802774247e+00
2.834000000000000000e+04 4.455688302686544588e+00
2.860000000000000000e+04 4.391805766973530645e+00
2.886000000000000000e+04 4.376092476544612531e+00
2.912000000000000000e+04 4.370918839439482895e+00
2.938000000000000000e+04 4.303616078066775152e+00
2.964000000000000000e+04 4.295380246728070617e+00
2.990000000000000000e+04 4.187760436262717434e+00
3.016000000000000000e+04 4.111373324746587343e+00
3.042000000000000000e+04 4.034594015568614189e+00
3.068000000000000000e+04 3.926908380704646095e+00
3.094000000000000000e+04 3.892030519654816167e+00
3.120000000000000000e+04 3.862869234318755840e+00
3.146000000000000000e+04 3.822236022346908513e+00
3.172000000000000000e+04 3.798021415036735959e+00
3.198000000000000000e+04 3.771337019822145198e+00
3.224000000000000000e+04 3.740471036200395893e+00
3.250000000000000000e+04 3.724318688910935204e+00
3.276000000000000000e+04 3.700816327739342437e+00
3.302000000000000000e+04 3.694257324642141516e+00
3.328000000000000000e+04 3.683421137495491937e+00
3.354000000000000000e+04 3.673568098351244871e+00
3.380000000000000000e+04 3.667683103479579820e+00
3.406000000000000000e+04 3.656205923314164608e+00
3.432000000000000000e+04 3.649571577450848814e+00
3.458000000000000000e+04 3.645336473031706159e+00
3.484000000000000000e+04 3.639153472877269646e+00
3.510000000000000000e+04 3.637315697229879241e+00
3.536000000000000000e+04 3.627913909538417858e+00
3.562000000000000000e+04 3.623202500519729252e+00
3.588000000000000000e+04 3.619636965994899036e+00
3.614000000000000000e+04 3.616126900482321993e+00
3.640000000000000000e+04 3.610271946694179501e+00
3.666000000000000000e+04 3.600812268108338099e+00
3.692000000000000000e+04 3.594832673075621265e+00
3.718000000000000000e+04 3.595162363342446543e+00
3.744000000000000000e+04 3.591748633684308967e+00
3.770000000000000000e+04 3.590152007477880325e+00
3.796000000000000000e+04 3.586261540789096092e+00
3.822000000000000000e+04 3.582038738940035216e+00
3.848000000000000000e+04 3.571459691087993882e+00
3.874000000000000000e+04 3.569399254212896277e+00
3.900000000000000000e+04 3.569979339810658736e+00
3.926000000000000000e+04 3.556963571435546090e+00
3.952000000000000000e+04 3.554985921285330086e+00
3.978000000000000000e+04 3.559771923109292580e+00
4.004000000000000000e+04 3.558445997249951809e+00
4.030000000000000000e+04 3.560510021622091514e+00
4.056000000000000000e+04 3.551230721328773932e+00
4.082000000000000000e+04 3.551536916457755932e+00
4.108000000000000000e+04 3.545178817247279568e+00
4.134000000000000000e+04 3.544911838661029435e+00
4.160000000000000000e+04 3.544652525612589145e+00
4.186000000000000000e+04 3.549435433249606309e+00
4.212000000000000000e+04 3.545005196592510455e+00
4.238000000000000000e+04 3.544763555452700832e+00
4.264000000000000000e+04 3.550967855408738938e+00
4.290000000000000000e+04 3.549493263993051428e+00
4.316000000000000000e+04 3.555614270738867155e+00
4.342000000000000000e+04 3.548284734370721338e+00
4.368000000000000000e+04 3.545311296977665894e+00
4.394000000000000000e+04 3.554199726996674968e+00
4.420000000000000000e+04 3.562850113638891703e+00
4.446000000000000000e+04 3.564636062680784701e+00
4.472000000000000000e+04 3.570260220824359454e+00
4.498000000000000000e+04 3.570924175127691225e+00
4.524000000000000000e+04 3.576282530518746672e+00
4.550000000000000000e+04 3.583926389389454403e+00
4.576000000000000000e+04 3.580627008734616368e+00
4.602000000000000000e+04 3.585310316328907732e+00
4.628000000000000000e+04 3.595143904168111249e+00
4.654000000000000000e+04 3.601496123997370180e+00
4.680000000000000000e+04 3.598711958230190966e+00
4.706000000000000000e+04 3.606077487324840902e+00
4.732000000000000000e+04 3.606437473756208600e+00
4.758000000000000000e+04 3.604343864924819396e+00
4.784000000000000000e+04 3.609657598849191018e+00
4.810000000000000000e+04 3.606649726456124583e+00
4.836000000000000000e+04 3.610424144341477959e+00
4.862000000000000000e+04 3.623476202998362261e+00
4.888000000000000000e+04 3.623723494713277926e+00
4.914000000000000000e+04 3.623427965071096768e+00
4.940000000000000000e+04 3.632897568311349801e+00
4.966000000000000000e+04 3.633714408328136969e+00
4.992000000000000000e+04 3.633556253267636205e+00
5.018000000000000000e+04 3.639256165281243849e+00
5.044000000000000000e+04 3.648268442534198464e+00
5.070000000000000000e+04 3.645568476471614083e+00
5.096000000000000000e+04 3.660420219789153773e+00
5.122000000000000000e+04 3.659817843878724997e+00
5.148000000000000000e+04 3.660954136140622595e+00
5.174000000000000000e+04 3.666435274587516613e+00
