0.000000000000000000e+00 4.890497443947916167e+01
5.200000000000000000e+02 4.891207513226772363e+01
1.040000000000000000e+03 4.931364100874750278e+01
1.560000000000000000e+03 4.941565729630477932e+01
2.080000000000000000e+03 4.956016202828409689e+01
2.600000000000000000e+03 4.975517843359638448e+01
3.120000000000000000e+03 4.977165314833867171e+01
3.640000000000000000e+03 5.003252024587668956e+01
4.160000000000000000e+03 5.027319347904428071e+01
4.680000000000000000e+03 5.043772905025031150e+01
5.200000000000000000e+03 5.065005882799625425e+01
5.720000000000000000e+03 5.078217158140959242e+01
6.240000000000000000e+03 5.087073686954245488e+01
6.760000000000000000e+03 5.109555555550996786e+01
7.280000000000000000e+03 5.107821807097551670e+01
7.800000000000000000e+03 5.145078700056665610e+01
8.320000000000000000e+03 5.158817466909823679e+01
8.840000000000000000e+03 5.170506412788673600e+01
9.360000000000000000e+03 5.166942563653476839e+01
9.880000000000000000e+03 5.197270640426145150e+01
1.040000000000000000e+04 5.207983167971293881e+01
1.092000000000000000e+04 5.209769141928288150e+01
1.144000000000000000e+04 5.240261766007454014e+01
1.196000000000000000e+04 5.222112990289497958e+01
1.248000000000000000e+04 5.246677758380115364e+01
1.300000000000000000e+04 5.241014804489702072e+01
1.352000000000000000e+04 5.275869935476299588e+01
1.404000000000000000e+04 5.272049093040369172e+01
1.456000000000000000e+04 5.296058883009545326e+01
1.508000000000000000e+04 5.298258391192447192e+01
1.560000000000000000e+04 5.307734037408304317e+01
1.612000000000000000e+04 5.320436485244595559e+01
1.664000000000000000e+04 5.332807436141444413e+01
1.716000000000000000e+04 5.368296826723317139e+01
1.768000000000000000e+04 5.342245224846013230e+01
1.820000000000000000e+04 5.371877409309534812e+01
1.872000000000000000e+04 5.358287808350241477e+01
1.924000000000000000e+04 5.407327979125673778e+01
1.976000000000000000e+04 5.398836756427673578e+01
2.028000000000000000e+04 5.430210599473494426e+01
2.080000000000000000e+04 5.451861640592974823e+01
2.132000000000000000e+04 5.430991269139954625e+01
2.184000000000000000e+04 5.449430266125467881e+01
2.236000000000000000e+04 5.458656779716478979e+01
2.288000000000000000e+04 5.454815680860144766e+01
2.340000000000000000e+04 5.473452546292947574e+01
2.392000000000000000e+04 5.454064427886715549e+01
2.444000000000000000e+04 5.494933013049723058e+01
2.496000000000000000e+04 5.472016203031581938e+01
2.548000000000000000e+04 5.495437789090538416e+01
2.600000000000000000e+04 5.494661408218991028e+01
2.652000000000000000e+04 5.506031297938762492e+01
2.704000000000000000e+04 5.494934124212673510e+01
2.756000000000000000e+04 5.515115111676544046e+01
2.808000000000000000e+04 5.528209006422356708e+01
2.860000000000000000e+04 5.521807436238192679e+01
2.912000000000000000e+04 5.537731865408149190e+01
2.964000000000000000e+04 5.520407744698020736e+01
3.016000000000000000e+04 5.522168402688378563e+01
3.068000000000000000e+04 5.540049139647074128e+01
3.120000000000000000e+04 5.533044125997191287e+01
3.172000000000000000e+04 5.491454378756717603e+01
3.224000000000000000e+04 5.519093747822325469e+01
3.276000000000000000e+04 5.475002073039662775e+01
3.328000000000000000e+04 5.495679156681102029e+01
3.380000000000000000e+04 5.515457368817857997e+01
3.432000000000000000e+04 5.514293593267654359e+01
3.484000000000000000e+04 5.488582464920181536e+01
3.536000000000000000e+04 5.520948447141130089e+01
3.588000000000000000e+04 5.521849921587732268e+01
3.640000000000000000e+04 5.498486589680226189e+01
3.692000000000000000e+04 5.521383672839505863e+01
3.744000000000000000e+04 5.505602140734752936e+01
3.796000000000000000e+04 5.509162181237385170e+01
3.848000000000000000e+04 5.470123115657439428e+01
3.900000000000000000e+04 5.487962046318711629e+01
3.952000000000000000e+04 5.465593990988654127e+01
4.004000000000000000e+04 5.483290844644488971e+01
4.056000000000000000e+04 5.477804349921699156e+01
4.108000000000000000e+04 5.446442466819773642e+01
4.160000000000000000e+04 5.472124373005659237e+01
4.212000000000000000e+04 5.482888791872294121e+01
4.264000000000000000e+04 5.456595340039196174e+01
4.316000000000000000e+04 5.463888744198428071e+01
4.368000000000000000e+04 5.476798898962526607e+01
4.420000000000000000e+04 5.457971064563268726e+01
4.472000000000000000e+04 5.464626736110739103e+01
4.524000000000000000e+04 5.451066597800456748e+01
4.576000000000000000e+04 5.470587383678677185e+01
4.628000000000000000e+04 5.450871045200863563e+01
4.680000000000000000e+04 5.431466772113736852e+01
4.732000000000000000e+04 5.411017505770082892e+01
4.784000000000000000e+04 5.407669173926882422e+01
4.836000000000000000e+04 5.382919656598591729e+01
4.888000000000000000e+04 5.372832318550391761e+01
4.940000000000000000e+04 5.364068767083889355e+01
4.992000000000000000e+04 5.339053144231981207e+01
5.044000000000000000e+04 5.352953220520344502e+01
5.096000000000000000e+04 5.339927516547844277e+01
5.148000000000000000e+04 5.337519674919742840e+01
