0.000000000000000000e+00 2.609459258046091179e+01
5.200000000000000000e+02 2.581237681223877090e+01
1.040000000000000000e+03 2.567330338421103164e+01
1.560000000000000000e+03 2.578816622511391898e+01
2.080000000000000000e+03 2.567664724502505180e+01
2.600000000000000000e+03 2.587429251912132244e+01
3.120000000000000000e+03 2.583056953014460433e+01
3.640000000000000000e+03 2.588088300128733721e+01
4.160000000000000000e+03 2.636594662833624625e+01
4.680000000000000000e+03 2.676107107648577710e+01
5.200000000000000000e+03 2.672618148890784440e+01
5.720000000000000000e+03 2.691038812054711116e+01
6.240000000000000000e+03 2.720124125847812735e+01
6.760000000000000000e+03 2.736522151587680440e+01
7.280000000000000000e+03 2.744088276391165593e+01
7.800000000000000000e+03 2.755292613080813879e+01
8.320000000000000000e+03 2.774122467897424116e+01
8.840000000000000000e+03 2.789607508275328840e+01
9.360000000000000000e+03 2.797936465700879438e+01
9.880000000000000000e+03 2.797626747706372186e+01
1.040000000000000000e+04 2.795969955230000892e+01
1.092000000000000000e+04 2.785708972843252695e+01
1.144000000000000000e+04 2.786672831784890647e+01
1.196000000000000000e+04 2.786969961848422273e+01
1.248000000000000000e+04 2.801296531206295981e+01
1.300000000000000000e+04 2.773854159950822407e+01
1.352000000000000000e+04 2.770091522462365674e+01
1.404000000000000000e+04 2.743320535113290504e+01
1.456000000000000000e+04 2.739235305794760933e+01
1.508000000000000000e+04 2.740800287442352356e+01
1.560000000000000000e+04 2.704769403578309550e+01
1.612000000000000000e+04 2.704346194522662472e+01
1.664000000000000000e+04 2.681952456222136760e+01
1.716000000000000000e+04 2.645429648145557522e+01
1.768000000000000000e+04 2.623992046424018199e+01
1.820000000000000000e+04 2.611328936055826588e+01
1.872000000000000000e+04 2.593344529161330314e+01
1.924000000000000000e+04 2.545408125451902848e+01
1.976000000000000000e+04 2.528093607583495128e+01
2.028000000000000000e+04 2.536133683207738088e+01
2.080000000000000000e+04 2.479352220457100486e+01
2.132000000000000000e+04 2.455038344341965129e+01
2.184000000000000000e+04 2.439485463365375395e+01
2.236000000000000000e+04 2.395397113503152298e+01
2.288000000000000000e+04 2.353944287008812708e+01
2.340000000000000000e+04 2.332707718869967906e+01
2.392000000000000000e+04 2.322235607946995017e+01
2.444000000000000000e+04 2.264606523819190542e+01
2.496000000000000000e+04 2.229720876844929478e+01
2.548000000000000000e+04 2.253927409958492589e+01
2.600000000000000000e+04 2.198617969312256548e+01
2.652000000000000000e+04 2.186221022803724523e+01
2.704000000000000000e+04 2.220789910785318710e+01
2.756000000000000000e+04 2.240104502301395328e+01
2.808000000000000000e+04 2.322810233395958335e+01
2.860000000000000000e+04 2.341540461027229725e+01
2.912000000000000000e+04 2.384361786265059990e+01
2.964000000000000000e+04 2.435700279388428058e+01
3.016000000000000000e+04 2.516937789351014843e+01
3.068000000000000000e+04 2.565286554611943259e+01
3.120000000000000000e+04 2.625400896955366647e+01
3.172000000000000000e+04 2.734158178998950106e+01
3.224000000000000000e+04 2.808972125770116435e+01
3.276000000000000000e+04 2.871880931709032581e+01
3.328000000000000000e+04 2.933689235954732411e+01
3.380000000000000000e+04 3.019533371812273614e+01
3.432000000000000000e+04 3.098774401892215025e+01
3.484000000000000000e+04 3.136583333279749652e+01
3.536000000000000000e+04 3.182527150508263247e+01
3.588000000000000000e+04 3.270269483008969758e+01
3.640000000000000000e+04 3.276272183380661573e+01
3.692000000000000000e+04 3.278640480114181344e+01
3.744000000000000000e+04 3.280445939397173305e+01
3.796000000000000000e+04 3.221839699073701979e+01
3.848000000000000000e+04 3.067007281917204864e+01
3.900000000000000000e+04 2.896045862246168312e+01
3.952000000000000000e+04 2.589215229542212526e+01
4.004000000000000000e+04 1.765662615231323684e+01
4.056000000000000000e+04 1.295505160021486191e+01
4.108000000000000000e+04 9.514162805724645011e+00
4.160000000000000000e+04 6.924795034305600616e+00
4.212000000000000000e+04 3.941854744027057489e+00
4.264000000000000000e+04 2.107943190195473271e+00
4.316000000000000000e+04 7.772222177931965570e-01
4.368000000000000000e+04 1.074218748116198725e-02
4.420000000000000000e+04 0.000000000000000000e+00
4.472000000000000000e+04 0.000000000000000000e+00
4.524000000000000000e+04 0.000000000000000000e+00
4.576000000000000000e+04 0.000000000000000000e+00
4.628000000000000000e+04 0.000000000000000000e+00
4.680000000000000000e+04 0.000000000000000000e+00
4.732000000000000000e+04 0.000000000000000000e+00
4.784000000000000000e+04 0.000000000000000000e+00
4.836000000000000000e+04 0.000000000000000000e+00
4.888000000000000000e+04 0.000000000000000000e+00
4.940000000000000000e+04 0.000000000000000000e+00
4.992000000000000000e+04 0.000000000000000000e+00
5.044000000000000000e+04 0.000000000000000000e+00
5.096000000000000000e+04 2.411265432098765298e-04
5.148000000000000000e+04 4.436728395061728474e-04
