0.000000000000000000e+00 4.556111303386830258e+01
2.600000000000000000e+02 4.549524642876308889e+01
5.200000000000000000e+02 4.568031925136087068e+01
7.800000000000000000e+02 4.566218026183863543e+01
1.040000000000000000e+03 4.580331353758626278e+01
1.300000000000000000e+03 4.601914639054403011e+01
1.560000000000000000e+03 4.631640382675057310e+01
1.820000000000000000e+03 4.666786264610110635e+01
2.080000000000000000e+03 4.674524449273091165e+01
2.340000000000000000e+03 4.688246905484553650e+01
2.600000000000000000e+03 4.693511232644448228e+01
2.860000000000000000e+03 4.693319684475848419e+01
3.120000000000000000e+03 4.727149783588090060e+01
3.380000000000000000e+03 4.737855803732724524e+01
3.640000000000000000e+03 4.760613908169709418e+01
3.900000000000000000e+03 4.799077584112766459e+01
4.160000000000000000e+03 4.784213491362176285e+01
4.420000000000000000e+03 4.783983404301562814e+01
4.680000000000000000e+03 4.839082993329812865e+01
4.940000000000000000e+03 4.827175248895804316e+01
5.200000000000000000e+03 4.836204951465096968e+01
5.460000000000000000e+03 4.854270059956785133e+01
5.720000000000000000e+03 4.854406131936927693e+01
5.980000000000000000e+03 4.865932725457201258e+01
6.240000000000000000e+03 4.894850885023347331e+01
6.500000000000000000e+03 4.906284042231974496e+01
6.760000000000000000e+03 4.919380446395351214e+01
7.020000000000000000e+03 4.913643419535235779e+01
7.280000000000000000e+03 4.926609180352736672e+01
7.540000000000000000e+03 4.914608115558016266e+01
7.800000000000000000e+03 4.927861200880142434e+01
8.060000000000000000e+03 4.928052946510448606e+01
8.320000000000000000e+03 4.941427995608793822e+01
8.580000000000000000e+03 4.936452979562158561e+01
8.840000000000000000e+03 4.969578218730408992e+01
9.100000000000000000e+03 4.964814326886230589e+01
9.360000000000000000e+03 4.954303529965238795e+01
9.620000000000000000e+03 4.975795470995467440e+01
9.880000000000000000e+03 4.963950083103048883e+01
1.014000000000000000e+04 4.978601745453927663e+01
1.040000000000000000e+04 4.986542579950170762e+01
1.066000000000000000e+04 4.983078986620955675e+01
1.092000000000000000e+04 4.970556132221591383e+01
1.118000000000000000e+04 4.979135512012027220e+01
1.144000000000000000e+04 4.977541903270203250e+01
1.170000000000000000e+04 4.955098379545905374e+01
1.196000000000000000e+04 4.960191020302384146e+01
1.222000000000000000e+04 4.974215470464677935e+01
1.248000000000000000e+04 4.986999758786917880e+01
1.274000000000000000e+04 4.972460165781102859e+01
1.300000000000000000e+04 4.969147373255255928e+01
1.326000000000000000e+04 4.987418491725191672e+01
1.352000000000000000e+04 4.995274929874572933e+01
1.378000000000000000e+04 4.956871624207463611e+01
1.404000000000000000e+04 4.969748210848840131e+01
1.430000000000000000e+04 4.960202014233623657e+01
1.456000000000000000e+04 4.961682578392918685e+01
1.482000000000000000e+04 4.965264273665733441e+01
1.508000000000000000e+04 4.957913915397714533e+01
1.534000000000000000e+04 4.939775602479576122e+01
1.560000000000000000e+04 4.944330000627724786e+01
1.586000000000000000e+04 4.953638501724408627e+01
1.612000000000000000e+04 4.953805892420476908e+01
1.638000000000000000e+04 4.951205487100526170e+01
1.664000000000000000e+04 4.955970387888883266e+01
1.690000000000000000e+04 4.953303768671096918e+01
1.716000000000000000e+04 4.953675241540979357e+01
1.742000000000000000e+04 4.931643467395202407e+01
1.768000000000000000e+04 4.935372056743899805e+01
1.794000000000000000e+04 4.921905525131725767e+01
1.820000000000000000e+04 4.915604165773233092e+01
1.846000000000000000e+04 4.903493970530107759e+01
1.872000000000000000e+04 4.871696180263822384e+01
1.898000000000000000e+04 4.881094659423618509e+01
1.924000000000000000e+04 4.851033224658730347e+01
1.950000000000000000e+04 4.851927371600115890e+01
1.976000000000000000e+04 4.832789783453269905e+01
2.002000000000000000e+04 4.821152439316276883e+01
2.028000000000000000e+04 4.816206981452531721e+01
2.054000000000000000e+04 4.808132040868176205e+01
2.080000000000000000e+04 4.761962143132506498e+01
2.106000000000000000e+04 4.773044460686902823e+01
2.132000000000000000e+04 4.741614341960058709e+01
2.158000000000000000e+04 4.748345870460030227e+01
2.184000000000000000e+04 4.725686197660260035e+01
2.210000000000000000e+04 4.702382185207600429e+01
2.236000000000000000e+04 4.683671149987161186e+01
2.262000000000000000e+04 4.671486977128998319e+01
2.288000000000000000e+04 4.645898629835257765e+01
2.314000000000000000e+04 4.619594521135988430e+01
2.340000000000000000e+04 4.596754144192686908e+01
2.366000000000000000e+04 4.576294559633626591e+01
2.392000000000000000e+04 4.570697289694652454e+01
2.418000000000000000e+04 4.537546730313817989e+01
2.444000000000000000e+04 4.524897038813462302e+01
2.470000000000000000e+04 4.492679349274229850e+01
2.496000000000000000e+04 4.463529606275984207e+01
2.522000000000000000e+04 4.464851948218743871e+01
2.548000000000000000e+04 4.432793642553541957e+01
2.574000000000000000e+04 4.404954378634666057e+01
2.600000000000000000e+04 4.392699797234880066e+01
2.626000000000000000e+04 4.361153790299366761e+01
2.652000000000000000e+04 4.341693431620656440e+01
2.678000000000000000e+04 4.309312640152919727e+01
2.704000000000000000e+04 4.311173947152182961e+01
2.730000000000000000e+04 4.271001205472499862e+01
2.756000000000000000e+04 4.251587383401920306e+01
2.782000000000000000e+04 4.213673030883249027e+01
2.808000000000000000e+04 4.211421724298677560e+01
2.834000000000000000e+04 4.196294992270531310e+01
2.860000000000000000e+04 4.170037999946769958e+01
2.886000000000000000e+04 4.134724294795074684e+01
2.912000000000000000e+04 4.132577590706907955e+01
2.938000000000000000e+04 4.105506799692956577e+01
2.964000000000000000e+04 4.088938024687427486e+01
2.990000000000000000e+04 4.058512779354937550e+01
3.016000000000000000e+04 4.031027391287278761e+01
3.042000000000000000e+04 4.018659143404559586e+01
3.068000000000000000e+04 4.001511958352386245e+01
3.094000000000000000e+04 3.967210551474172320e+01
3.120000000000000000e+04 3.952847608023854065e+01
3.146000000000000000e+04 3.942653837417208962e+01
3.172000000000000000e+04 3.914302178187510606e+01
3.198000000000000000e+04 3.903334198825430690e+01
3.224000000000000000e+04 3.871328411404378045e+01
3.250000000000000000e+04 3.854999951774109945e+01
3.276000000000000000e+04 3.840603635880700040e+01
3.302000000000000000e+04 3.820635222470121306e+01
3.328000000000000000e+04 3.799572289639394285e+01
3.354000000000000000e+04 3.765001783200533936e+01
3.380000000000000000e+04 3.772777198885693650e+01
3.406000000000000000e+04 3.751419270487178892e+01
3.432000000000000000e+04 3.727051793832637827e+01
3.458000000000000000e+04 3.703383920779526051e+01
3.484000000000000000e+04 3.691818864695486724e+01
3.510000000000000000e+04 3.674376012494238353e+01
3.536000000000000000e+04 3.651583476146645069e+01
3.562000000000000000e+04 3.626763743235596138e+01
3.588000000000000000e+04 3.621290456793560963e+01
3.614000000000000000e+04 3.601571804811872113e+01
3.640000000000000000e+04 3.589459924292940229e+01
3.666000000000000000e+04 3.581786458205979073e+01
3.692000000000000000e+04 3.568093894624551865e+01
3.718000000000000000e+04 3.566188850263617383e+01
3.744000000000000000e+04 3.538079716148638454e+01
3.770000000000000000e+04 3.524068962042514386e+01
3.796000000000000000e+04 3.497873070130315654e+01
3.822000000000000000e+04 3.490480560385877595e+01
3.848000000000000000e+04 3.473783707034240820e+01
3.874000000000000000e+04 3.454119065949983991e+01
3.900000000000000000e+04 3.460557002219555045e+01
3.926000000000000000e+04 3.445326286762774259e+01
3.952000000000000000e+04 3.444709876502184898e+01
3.978000000000000000e+04 3.418265140453885920e+01
4.004000000000000000e+04 3.408729355543172090e+01
4.030000000000000000e+04 3.400023871523847419e+01
4.056000000000000000e+04 3.391677372496805276e+01
4.082000000000000000e+04 3.380989389695230329e+01
4.108000000000000000e+04 3.369431712628065156e+01
4.134000000000000000e+04 3.359443335102129424e+01
4.160000000000000000e+04 3.346437017645606460e+01
4.186000000000000000e+04 3.339397135318406384e+01
4.212000000000000000e+04 3.329254629629537021e+01
4.238000000000000000e+04 3.340149255647361315e+01
4.264000000000000000e+04 3.329168932979858653e+01
4.290000000000000000e+04 3.313059410186521347e+01
4.316000000000000000e+04 3.303799237947816891e+01
4.342000000000000000e+04 3.307973522647601072e+01
4.368000000000000000e+04 3.311908949668313085e+01
4.394000000000000000e+04 3.309206645237638611e+01
4.420000000000000000e+04 3.315791714885254038e+01
4.446000000000000000e+04 3.306836998443394293e+01
4.472000000000000000e+04 3.304941454402375456e+01
4.498000000000000000e+04 3.305236641546504472e+01
4.524000000000000000e+04 3.299273341025568129e+01
4.550000000000000000e+04 3.304616897835204270e+01
4.576000000000000000e+04 3.307666956000284841e+01
4.602000000000000000e+04 3.301316453687925900e+01
4.628000000000000000e+04 3.307576774557026766e+01
4.654000000000000000e+04 3.286273919096686313e+01
4.680000000000000000e+04 3.303100210570451623e+01
4.706000000000000000e+04 3.317869887759687941e+01
4.732000000000000000e+04 3.344047693652871089e+01
4.758000000000000000e+04 3.339650559249480466e+01
4.784000000000000000e+04 3.351260459466418951e+01
4.810000000000000000e+04 3.345736352133253888e+01
4.836000000000000000e+04 3.346468604750817377e+01
4.862000000000000000e+04 3.359354504243617612e+01
4.888000000000000000e+04 3.378507378465500466e+01
4.914000000000000000e+04 3.387584972770468994e+01
4.940000000000000000e+04 3.399551020630515552e+01
4.966000000000000000e+04 3.394505447623496508e+01
4.992000000000000000e+04 3.421399931866658051e+01
5.018000000000000000e+04 3.426818478771338050e+01
5.044000000000000000e+04 3.436700034280064386e+01
5.070000000000000000e+04 3.443435329818109381e+01
5.096000000000000000e+04 3.449843749984277963e+01
5.122000000000000000e+04 3.466983313985068094e+01
5.148000000000000000e+04 3.470988762986762310e+01
5.174000000000000000e+04 3.477723615420108416e+01
