0.000000000000000000e+00 2.129730030566473147e+02
2.600000000000000000e+02 2.136133478230605931e+02
5.200000000000000000e+02 2.120113305186309276e+02
7.800000000000000000e+02 2.113243682470046281e+02
1.040000000000000000e+03 2.101778887134013871e+02
1.300000000000000000e+03 2.097482373739162824e+02
1.560000000000000000e+03 2.090111970715792609e+02
1.820000000000000000e+03 2.081565469453276478e+02
2.080000000000000000e+03 2.070880436651868592e+02
2.340000000000000000e+03 2.061695552076626257e+02
2.600000000000000000e+03 2.060738446077888284e+02
2.860000000000000000e+03 2.046812042688419240e+02
3.120000000000000000e+03 2.052629839398500735e+02
3.380000000000000000e+03 2.043682685597386524e+02
3.640000000000000000e+03 2.031473762429589272e+02
3.900000000000000000e+03 2.021028624309626309e+02
4.160000000000000000e+03 2.021383630678046188e+02
4.420000000000000000e+03 2.012933743821911605e+02
4.680000000000000000e+03 2.008139611042782633e+02
4.940000000000000000e+03 2.004943502009155623e+02
5.200000000000000000e+03 1.996165286836709640e+02
5.460000000000000000e+03 1.996402342883274343e+02
5.720000000000000000e+03 1.977378457172723074e+02
5.980000000000000000e+03 1.975382748531023651e+02
6.240000000000000000e+03 1.969544256975903807e+02
6.500000000000000000e+03 1.971537654495125480e+02
6.760000000000000000e+03 1.965948049009953991e+02
7.020000000000000000e+03 1.966375773587755589e+02
7.280000000000000000e+03 1.959610504472301784e+02
7.540000000000000000e+03 1.952929330201513949e+02
7.800000000000000000e+03 1.951221646583941833e+02
8.060000000000000000e+03 1.935025326926474349e+02
8.320000000000000000e+03 1.923424308272238932e+02
8.580000000000000000e+03 1.929468899511843176e+02
8.840000000000000000e+03 1.928054179671090083e+02
9.100000000000000000e+03 1.920727584128148351e+02
9.360000000000000000e+03 1.905504316756941705e+02
9.620000000000000000e+03 1.907638207402903276e+02
9.880000000000000000e+03 1.893020107067543449e+02
1.014000000000000000e+04 1.893156003983888240e+02
1.040000000000000000e+04 1.885620080908969669e+02
1.066000000000000000e+04 1.875709761020968926e+02
1.092000000000000000e+04 1.876563348650894625e+02
1.118000000000000000e+04 1.869488372237573230e+02
1.144000000000000000e+04 1.862930719972263773e+02
1.170000000000000000e+04 1.856489413837364850e+02
1.196000000000000000e+04 1.854810071836276677e+02
1.222000000000000000e+04 1.849864699689390761e+02
1.248000000000000000e+04 1.843647721552863459e+02
1.274000000000000000e+04 1.838121714285800579e+02
1.300000000000000000e+04 1.837649930029205052e+02
1.326000000000000000e+04 1.822525384232132808e+02
1.352000000000000000e+04 1.821676910971577570e+02
1.378000000000000000e+04 1.824861652536864938e+02
1.404000000000000000e+04 1.809680482145770100e+02
1.430000000000000000e+04 1.811480131572761252e+02
1.456000000000000000e+04 1.807076315455528004e+02
1.482000000000000000e+04 1.796933561179662320e+02
1.508000000000000000e+04 1.795489671954852042e+02
1.534000000000000000e+04 1.792627617577237231e+02
1.560000000000000000e+04 1.786403132074048017e+02
1.586000000000000000e+04 1.791173697415322010e+02
1.612000000000000000e+04 1.776065166180692358e+02
1.638000000000000000e+04 1.781224583834554664e+02
1.664000000000000000e+04 1.774167763797626947e+02
1.690000000000000000e+04 1.771519415437776956e+02
1.716000000000000000e+04 1.768540778572592842e+02
1.742000000000000000e+04 1.763242247596986374e+02
1.768000000000000000e+04 1.754606344964486766e+02
1.794000000000000000e+04 1.754645288363342104e+02
1.820000000000000000e+04 1.751510575441739377e+02
1.846000000000000000e+04 1.748479718172152104e+02
1.872000000000000000e+04 1.746279796215688407e+02
1.898000000000000000e+04 1.739474255859428808e+02
1.924000000000000000e+04 1.735555444113879275e+02
1.950000000000000000e+04 1.725741947301644927e+02
1.976000000000000000e+04 1.724728187343749255e+02
2.002000000000000000e+04 1.716155618447302516e+02
2.028000000000000000e+04 1.712088100694444677e+02
2.054000000000000000e+04 1.707269392914660671e+02
2.080000000000000000e+04 1.709338595140382324e+02
2.106000000000000000e+04 1.709943807492270764e+02
2.132000000000000000e+04 1.705815901119279374e+02
2.158000000000000000e+04 1.699011070703156179e+02
2.184000000000000000e+04 1.690229661103750800e+02
2.210000000000000000e+04 1.696434498807407181e+02
2.236000000000000000e+04 1.685338172516810857e+02
2.262000000000000000e+04 1.682206489102271121e+02
2.288000000000000000e+04 1.681347427011739626e+02
2.314000000000000000e+04 1.677438605350677676e+02
2.340000000000000000e+04 1.678227275476859006e+02
2.366000000000000000e+04 1.675317383435326519e+02
2.392000000000000000e+04 1.669129224729938414e+02
2.418000000000000000e+04 1.664864081189797957e+02
2.444000000000000000e+04 1.664808969752124028e+02
2.470000000000000000e+04 1.658881046463054645e+02
2.496000000000000000e+04 1.655747881733003055e+02
2.522000000000000000e+04 1.653706390336308516e+02
2.548000000000000000e+04 1.652279344910942598e+02
2.574000000000000000e+04 1.654834650764287289e+02
2.600000000000000000e+04 1.647377144517100760e+02
2.626000000000000000e+04 1.644273797842964484e+02
2.652000000000000000e+04 1.639232971135133994e+02
2.678000000000000000e+04 1.640741370766433533e+02
2.704000000000000000e+04 1.633212896158258900e+02
2.730000000000000000e+04 1.629500022906788956e+02
2.756000000000000000e+04 1.625146256075772726e+02
2.782000000000000000e+04 1.617820152734826991e+02
2.808000000000000000e+04 1.618907546582066743e+02
2.834000000000000000e+04 1.617511672617794432e+02
2.860000000000000000e+04 1.618302967789491618e+02
2.886000000000000000e+04 1.611826277369255820e+02
2.912000000000000000e+04 1.598997281344922499e+02
2.938000000000000000e+04 1.606941118839698106e+02
2.964000000000000000e+04 1.604141123625876446e+02
2.990000000000000000e+04 1.598375538667931721e+02
3.016000000000000000e+04 1.585836845703569224e+02
3.042000000000000000e+04 1.588506213361303026e+02
3.068000000000000000e+04 1.597656452198651209e+02
3.094000000000000000e+04 1.584906135490930410e+02
3.120000000000000000e+04 1.585587938520431806e+02
3.146000000000000000e+04 1.580707524148228060e+02
3.172000000000000000e+04 1.572019573902271645e+02
3.198000000000000000e+04 1.571103208877793520e+02
3.224000000000000000e+04 1.573771158512421948e+02
3.250000000000000000e+04 1.569864307107658874e+02
3.276000000000000000e+04 1.562120483721425614e+02
3.302000000000000000e+04 1.565938522904007471e+02
3.328000000000000000e+04 1.557101861516986787e+02
3.354000000000000000e+04 1.547595793449475252e+02
3.380000000000000000e+04 1.550941730910805916e+02
3.406000000000000000e+04 1.548486833660749653e+02
3.432000000000000000e+04 1.537656006180839938e+02
3.458000000000000000e+04 1.533787907566335207e+02
3.484000000000000000e+04 1.540477782613695297e+02
3.510000000000000000e+04 1.532155106266393148e+02
3.536000000000000000e+04 1.526437165115398216e+02
3.562000000000000000e+04 1.521889194603102453e+02
3.588000000000000000e+04 1.511680134366070831e+02
3.614000000000000000e+04 1.514178498134953088e+02
3.640000000000000000e+04 1.513203494413210706e+02
3.666000000000000000e+04 1.514627840643253762e+02
3.692000000000000000e+04 1.506243300026157215e+02
3.718000000000000000e+04 1.502051120405922973e+02
3.744000000000000000e+04 1.485405324512397272e+02
3.770000000000000000e+04 1.466022897660255353e+02
3.796000000000000000e+04 1.459851819440423242e+02
3.822000000000000000e+04 1.441363277487086236e+02
3.848000000000000000e+04 1.438656484507096422e+02
3.874000000000000000e+04 1.437726366523052945e+02
3.900000000000000000e+04 1.449616940857873146e+02
3.926000000000000000e+04 1.460238994991263723e+02
3.952000000000000000e+04 1.458318355653387925e+02
3.978000000000000000e+04 1.452977947099952871e+02
4.004000000000000000e+04 1.435770396440084653e+02
4.030000000000000000e+04 1.430741397539282787e+02
4.056000000000000000e+04 1.427276496085486883e+02
4.082000000000000000e+04 1.431198348787849284e+02
4.108000000000000000e+04 1.441030989025539952e+02
4.134000000000000000e+04 1.449835779717469677e+02
4.160000000000000000e+04 1.449476075682810006e+02
4.186000000000000000e+04 1.439596286631119710e+02
4.212000000000000000e+04 1.436311544805104745e+02
4.238000000000000000e+04 1.439957459946862457e+02
4.264000000000000000e+04 1.445795637334952914e+02
4.290000000000000000e+04 1.444488808059550706e+02
4.316000000000000000e+04 1.447974522885588158e+02
4.342000000000000000e+04 1.442554071293395168e+02
4.368000000000000000e+04 1.441544803526052760e+02
4.394000000000000000e+04 1.438412520553970353e+02
4.420000000000000000e+04 1.440283397121267228e+02
4.446000000000000000e+04 1.433020039265522598e+02
4.472000000000000000e+04 1.430952870539937862e+02
4.498000000000000000e+04 1.431028676009313187e+02
4.524000000000000000e+04 1.424241985569020414e+02
4.550000000000000000e+04 1.421330952312814304e+02
4.576000000000000000e+04 1.422852051775143423e+02
4.602000000000000000e+04 1.421110494045660460e+02
4.628000000000000000e+04 1.421790825687528752e+02
4.654000000000000000e+04 1.417132528299762839e+02
4.680000000000000000e+04 1.409150838717897614e+02
4.706000000000000000e+04 1.405725235276536011e+02
4.732000000000000000e+04 1.413853536892798388e+02
4.758000000000000000e+04 1.405408259001462170e+02
4.784000000000000000e+04 1.401526584666441124e+02
4.810000000000000000e+04 1.402935015280269226e+02
4.836000000000000000e+04 1.401664715256306977e+02
4.862000000000000000e+04 1.395038372256431956e+02
4.888000000000000000e+04 1.389244079811190318e+02
4.914000000000000000e+04 1.392006411902324317e+02
4.940000000000000000e+04 1.397114027016433795e+02
4.966000000000000000e+04 1.395183044121112914e+02
4.992000000000000000e+04 1.387879927547313628e+02
5.018000000000000000e+04 1.386288367497761840e+02
5.044000000000000000e+04 1.386242234807965019e+02
5.070000000000000000e+04 1.391649990280979239e+02
5.096000000000000000e+04 1.389967348641733906e+02
5.122000000000000000e+04 1.386039374378392210e+02
5.148000000000000000e+04 1.382879193182213839e+02
5.174000000000000000e+04 1.382235739816338480e+02
