0.000000000000000000e+00 6.503756725543287764e+00
1.040000000000000000e+03 6.505149660128313194e+00
2.080000000000000000e+03 6.476263612624584276e+00
3.120000000000000000e+03 6.441713144387940737e+00
4.160000000000000000e+03 6.423613949117519262e+00
5.200000000000000000e+03 6.405340961450894710e+00
6.240000000000000000e+03 6.388885846808460833e+00
7.280000000000000000e+03 6.371661999819051125e+00
8.320000000000000000e+03 6.358957634304477580e+00
9.360000000000000000e+03 6.349032209830876461e+00
1.040000000000000000e+04 6.352763850743921914e+00
1.144000000000000000e+04 6.325127017278330932e+00
1.248000000000000000e+04 6.318066172709825956e+00
1.352000000000000000e+04 6.324335513123764407e+00
1.456000000000000000e+04 6.356278473073460944e+00
1.560000000000000000e+04 6.592809190011777787e+00
1.664000000000000000e+04 7.286534661331593554e+00
1.768000000000000000e+04 8.649535165375809243e+00
1.872000000000000000e+04 9.241628965635689141e+00
1.976000000000000000e+04 8.789313733356582503e+00
2.080000000000000000e+04 8.010088410073572973e+00
2.184000000000000000e+04 7.079802241899235682e+00
2.288000000000000000e+04 6.497580832000940276e+00
2.392000000000000000e+04 6.261000978735219213e+00
2.496000000000000000e+04 6.172750260667489997e+00
2.600000000000000000e+04 6.146021556931054342e+00
2.704000000000000000e+04 6.150595076498954761e+00
2.808000000000000000e+04 6.133961748533412361e+00
2.912000000000000000e+04 6.134191574776295397e+00
3.016000000000000000e+04 6.152137018755341913e+00
3.120000000000000000e+04 6.183269695254553611e+00
3.224000000000000000e+04 6.223137870539463989e+00
3.328000000000000000e+04 6.253358841671606605e+00
3.432000000000000000e+04 6.296539194199427314e+00
3.536000000000000000e+04 6.327582119817895645e+00
3.640000000000000000e+04 6.377289568219814520e+00
3.744000000000000000e+04 6.408512576915176950e+00
3.848000000000000000e+04 6.454360773587322520e+00
3.952000000000000000e+04 6.485588607152053875e+00
4.056000000000000000e+04 6.508457588395697435e+00
4.160000000000000000e+04 6.568923231530567897e+00
4.264000000000000000e+04 6.630081757647845464e+00
4.368000000000000000e+04 6.642860475157894129e+00
4.472000000000000000e+04 6.545021338815539380e+00
4.576000000000000000e+04 6.320244742880863242e+00
4.680000000000000000e+04 5.992178624464005843e+00
4.784000000000000000e+04 5.443203276042073213e+00
4.888000000000000000e+04 4.824123553426722388e+00
4.992000000000000000e+04 4.048112329076528404e+00
5.096000000000000000e+04 3.214675076269608578e+00
