0.000000000000000000e+00 1.285608338500952108e+01
1.040000000000000000e+03 1.283449910108839376e+01
2.080000000000000000e+03 1.277898195804537274e+01
3.120000000000000000e+03 1.272709492416772470e+01
4.160000000000000000e+03 1.268735471676858495e+01
5.200000000000000000e+03 1.264994827067385152e+01
6.240000000000000000e+03 1.259872140956872322e+01
7.280000000000000000e+03 1.258410864131464990e+01
8.320000000000000000e+03 1.254395870313365258e+01
9.360000000000000000e+03 1.252915420445443573e+01
1.040000000000000000e+04 1.251970854088359530e+01
1.144000000000000000e+04 1.246975323606586983e+01
1.248000000000000000e+04 1.245096750383432394e+01
1.352000000000000000e+04 1.244128645090907703e+01
1.456000000000000000e+04 1.242770672376946806e+01
1.560000000000000000e+04 1.252565858209573513e+01
1.664000000000000000e+04 1.289602760323460195e+01
1.768000000000000000e+04 1.372719980104028892e+01
1.872000000000000000e+04 1.408833297847671773e+01
1.976000000000000000e+04 1.376691993731734165e+01
2.080000000000000000e+04 1.324258477316836924e+01
2.184000000000000000e+04 1.266258573910138985e+01
2.288000000000000000e+04 1.229916315121445614e+01
2.392000000000000000e+04 1.214570165795326240e+01
2.496000000000000000e+04 1.207968394901759268e+01
2.600000000000000000e+04 1.204021814612666574e+01
2.704000000000000000e+04 1.204393832928822050e+01
2.808000000000000000e+04 1.204182377395230930e+01
2.912000000000000000e+04 1.205980667991745214e+01
3.016000000000000000e+04 1.211703861304981800e+01
3.120000000000000000e+04 1.218760988647429322e+01
3.224000000000000000e+04 1.224907580770611482e+01
3.328000000000000000e+04 1.232159573499253469e+01
3.432000000000000000e+04 1.242366036302970578e+01
3.536000000000000000e+04 1.249092418168857854e+01
3.640000000000000000e+04 1.257747956126353372e+01
3.744000000000000000e+04 1.264256495209898645e+01
3.848000000000000000e+04 1.272973145314058918e+01
3.952000000000000000e+04 1.279509753145146078e+01
4.056000000000000000e+04 1.284763405610396170e+01
4.160000000000000000e+04 1.294808708355857263e+01
4.264000000000000000e+04 1.306878727972295096e+01
4.368000000000000000e+04 1.307496386514060127e+01
4.472000000000000000e+04 1.285564826836814234e+01
4.576000000000000000e+04 1.238607864554644067e+01
4.680000000000000000e+04 1.174033922215313552e+01
4.784000000000000000e+04 1.064043845243216069e+01
4.888000000000000000e+04 9.409367701370001669e+00
4.992000000000000000e+04 7.845592486414661337e+00
5.096000000000000000e+04 6.197122148606720060e+00
