0.000000000000000000e+00 2.282544533123605106e+02
2.600000000000000000e+02 2.246403361987369465e+02
5.200000000000000000e+02 2.185408193663460281e+02
7.800000000000000000e+02 2.163124466900746654e+02
1.040000000000000000e+03 2.170226984344838286e+02
1.300000000000000000e+03 2.169126244832291661e+02
1.560000000000000000e+03 2.165425843292743480e+02
1.820000000000000000e+03 2.151000534834711289e+02
2.080000000000000000e+03 2.137808395715614438e+02
2.340000000000000000e+03 2.126195319306277725e+02
2.600000000000000000e+03 2.148208490625526679e+02
2.860000000000000000e+03 2.125549135711523263e+02
3.120000000000000000e+03 2.123255640044723975e+02
3.380000000000000000e+03 2.116337310849473852e+02
3.640000000000000000e+03 2.110756401465833108e+02
3.900000000000000000e+03 2.108863530687759749e+02
4.160000000000000000e+03 2.109098845751563545e+02
4.420000000000000000e+03 2.104354719215945693e+02
4.680000000000000000e+03 2.084525637805744793e+02
4.940000000000000000e+03 2.068744047464734592e+02
5.200000000000000000e+03 2.061200060778391787e+02
5.460000000000000000e+03 2.057942240109644274e+02
5.720000000000000000e+03 2.075327749482896422e+02
5.980000000000000000e+03 2.058727654343870199e+02
6.240000000000000000e+03 2.054250905210809037e+02
6.500000000000000000e+03 2.048582488768777807e+02
6.760000000000000000e+03 2.050070305731256326e+02
7.020000000000000000e+03 2.037227654090463886e+02
7.280000000000000000e+03 2.031934215515769324e+02
7.540000000000000000e+03 2.036278549897340326e+02
7.800000000000000000e+03 2.023280971893908031e+02
8.060000000000000000e+03 2.024750237169051559e+02
8.320000000000000000e+03 2.019853269682621431e+02
8.580000000000000000e+03 2.003238521061361723e+02
8.840000000000000000e+03 2.006194300155602548e+02
9.100000000000000000e+03 1.997488186433089652e+02
9.360000000000000000e+03 1.996282112892312455e+02
9.620000000000000000e+03 1.989790953241765408e+02
9.880000000000000000e+03 1.983004847936075805e+02
1.014000000000000000e+04 1.973405751184810981e+02
1.040000000000000000e+04 1.962327057204869902e+02
1.066000000000000000e+04 1.976950004014273077e+02
1.092000000000000000e+04 1.977153109695162527e+02
1.118000000000000000e+04 1.968296452801969849e+02
1.144000000000000000e+04 1.970123011643695463e+02
1.170000000000000000e+04 1.959230478212521405e+02
1.196000000000000000e+04 1.957532766644259539e+02
1.222000000000000000e+04 1.945202856003802765e+02
1.248000000000000000e+04 1.928644318199607710e+02
1.274000000000000000e+04 1.927760501752149196e+02
1.300000000000000000e+04 1.920957174407573120e+02
1.326000000000000000e+04 1.935705756758538882e+02
1.352000000000000000e+04 1.920333229362560985e+02
1.378000000000000000e+04 1.900575964472625401e+02
1.404000000000000000e+04 1.907092253711820717e+02
1.430000000000000000e+04 1.915669412670475253e+02
1.456000000000000000e+04 1.892042214591737093e+02
1.482000000000000000e+04 1.899160891975308800e+02
1.508000000000000000e+04 1.883357992972714783e+02
1.534000000000000000e+04 1.877166654797128729e+02
1.560000000000000000e+04 1.875420624316473095e+02
1.586000000000000000e+04 1.866502969122843751e+02
1.612000000000000000e+04 1.853428723146649872e+02
1.638000000000000000e+04 1.868156075066702044e+02
1.664000000000000000e+04 1.851773603883154635e+02
1.690000000000000000e+04 1.833585774310353145e+02
1.716000000000000000e+04 1.831719982807593397e+02
1.742000000000000000e+04 1.831609815177164933e+02
1.768000000000000000e+04 1.825680953112943712e+02
1.794000000000000000e+04 1.824009656866798537e+02
1.820000000000000000e+04 1.817301185798939400e+02
1.846000000000000000e+04 1.815466514657588846e+02
1.872000000000000000e+04 1.812878770490209206e+02
1.898000000000000000e+04 1.806217728125410815e+02
1.924000000000000000e+04 1.804103003080159056e+02
1.950000000000000000e+04 1.794331374409239857e+02
1.976000000000000000e+04 1.793055977422815772e+02
2.002000000000000000e+04 1.797784574406060472e+02
2.028000000000000000e+04 1.789473603366034808e+02
2.054000000000000000e+04 1.785642984702297724e+02
2.080000000000000000e+04 1.788584513736489328e+02
2.106000000000000000e+04 1.779984567400524895e+02
2.132000000000000000e+04 1.768352107017967114e+02
2.158000000000000000e+04 1.785084218966930223e+02
2.184000000000000000e+04 1.768540079322071676e+02
2.210000000000000000e+04 1.763676703634482124e+02
2.236000000000000000e+04 1.758849228997857495e+02
2.262000000000000000e+04 1.760637687356961010e+02
2.288000000000000000e+04 1.764207761911651176e+02
2.314000000000000000e+04 1.759648087694142191e+02
2.340000000000000000e+04 1.753693120457853638e+02
2.366000000000000000e+04 1.755303473634093905e+02
2.392000000000000000e+04 1.743767959707733439e+02
2.418000000000000000e+04 1.744822338909326334e+02
2.444000000000000000e+04 1.740753729648166086e+02
2.470000000000000000e+04 1.731188299088666156e+02
2.496000000000000000e+04 1.719981366255365174e+02
2.522000000000000000e+04 1.731612589781772726e+02
2.548000000000000000e+04 1.723390397306379782e+02
2.574000000000000000e+04 1.719761290891040630e+02
2.600000000000000000e+04 1.729048139291750203e+02
2.626000000000000000e+04 1.723891099559919553e+02
2.652000000000000000e+04 1.722977746394404903e+02
2.678000000000000000e+04 1.706920193726190860e+02
2.704000000000000000e+04 1.708882065716350667e+02
2.730000000000000000e+04 1.713852287313995362e+02
2.756000000000000000e+04 1.718793355700310883e+02
2.782000000000000000e+04 1.707365438383674814e+02
2.808000000000000000e+04 1.698020164224999746e+02
2.834000000000000000e+04 1.703004471744201851e+02
2.860000000000000000e+04 1.689635373528086006e+02
2.886000000000000000e+04 1.696787153866919482e+02
2.912000000000000000e+04 1.688614450719574336e+02
2.938000000000000000e+04 1.690757744141731962e+02
2.964000000000000000e+04 1.693434047531732460e+02
2.990000000000000000e+04 1.677069708235857206e+02
3.016000000000000000e+04 1.682370004359978850e+02
3.042000000000000000e+04 1.682328873551901154e+02
3.068000000000000000e+04 1.679616143839118081e+02
3.094000000000000000e+04 1.681181228204086153e+02
3.120000000000000000e+04 1.676755735429175047e+02
3.146000000000000000e+04 1.668191305254063650e+02
3.172000000000000000e+04 1.670782122682615238e+02
3.198000000000000000e+04 1.659689991145108934e+02
3.224000000000000000e+04 1.655418766647322286e+02
3.250000000000000000e+04 1.680681889010063799e+02
3.276000000000000000e+04 1.666706717691266704e+02
3.302000000000000000e+04 1.656296364173081201e+02
3.328000000000000000e+04 1.649107843314276920e+02
3.354000000000000000e+04 1.652524459501120475e+02
3.380000000000000000e+04 1.655845503213001848e+02
3.406000000000000000e+04 1.646072415510541020e+02
3.432000000000000000e+04 1.650320128230760588e+02
3.458000000000000000e+04 1.641461791621557893e+02
3.484000000000000000e+04 1.633777633951541475e+02
3.510000000000000000e+04 1.630500785847588645e+02
3.536000000000000000e+04 1.636522090337536213e+02
3.562000000000000000e+04 1.626436302052439089e+02
3.588000000000000000e+04 1.640790111843272427e+02
3.614000000000000000e+04 1.623460235194641825e+02
3.640000000000000000e+04 1.615364702396985308e+02
3.666000000000000000e+04 1.616687008717168794e+02
3.692000000000000000e+04 1.612552765298139548e+02
3.718000000000000000e+04 1.604161364346893208e+02
3.744000000000000000e+04 1.600555086013798416e+02
3.770000000000000000e+04 1.603762926261807706e+02
3.796000000000000000e+04 1.610730683224187487e+02
3.822000000000000000e+04 1.609929445467892890e+02
3.848000000000000000e+04 1.593051613318812088e+02
3.874000000000000000e+04 1.601461234587911235e+02
3.900000000000000000e+04 1.593588710988841797e+02
3.926000000000000000e+04 1.583449067244385731e+02
3.952000000000000000e+04 1.577985091635433150e+02
3.978000000000000000e+04 1.567790763806278562e+02
4.004000000000000000e+04 1.574244910529807839e+02
4.030000000000000000e+04 1.569838750619747429e+02
4.056000000000000000e+04 1.571803792164471361e+02
4.082000000000000000e+04 1.561401422779634061e+02
4.108000000000000000e+04 1.564021790349324306e+02
4.134000000000000000e+04 1.567432680170587957e+02
4.160000000000000000e+04 1.558729233229500153e+02
4.186000000000000000e+04 1.560138755758010234e+02
4.212000000000000000e+04 1.554426174838763473e+02
4.238000000000000000e+04 1.569675064618899398e+02
4.264000000000000000e+04 1.568877732553469002e+02
4.290000000000000000e+04 1.554354357176645749e+02
4.316000000000000000e+04 1.541404352642022673e+02
4.342000000000000000e+04 1.548778992023985950e+02
4.368000000000000000e+04 1.554638060103634984e+02
4.394000000000000000e+04 1.551307347126878540e+02
4.420000000000000000e+04 1.542357613710307760e+02
4.446000000000000000e+04 1.556065408184956596e+02
4.472000000000000000e+04 1.542410559154359930e+02
4.498000000000000000e+04 1.550619322913631493e+02
4.524000000000000000e+04 1.545105229554643529e+02
4.550000000000000000e+04 1.543967592209236841e+02
4.576000000000000000e+04 1.541748759041963979e+02
4.602000000000000000e+04 1.530049894766160037e+02
4.628000000000000000e+04 1.525117754062498534e+02
4.654000000000000000e+04 1.511431199467579347e+02
4.680000000000000000e+04 1.509295411943374745e+02
4.706000000000000000e+04 1.511505639526534708e+02
4.732000000000000000e+04 1.508373181629050066e+02
4.758000000000000000e+04 1.497385097618704322e+02
4.784000000000000000e+04 1.508524457283093341e+02
4.810000000000000000e+04 1.494784192532491147e+02
4.836000000000000000e+04 1.487573331092782212e+02
4.862000000000000000e+04 1.492983413291878776e+02
4.888000000000000000e+04 1.486850699223324739e+02
4.914000000000000000e+04 1.492566468616040822e+02
4.940000000000000000e+04 1.487472723141396216e+02
4.966000000000000000e+04 1.486847099573259356e+02
4.992000000000000000e+04 1.487440118347733176e+02
5.018000000000000000e+04 1.487659295828024995e+02
5.044000000000000000e+04 1.486995585877160124e+02
5.070000000000000000e+04 1.480519725935382667e+02
5.096000000000000000e+04 1.474412233617960908e+02
5.122000000000000000e+04 1.472554477362959915e+02
5.148000000000000000e+04 1.475297569169232759e+02
5.174000000000000000e+04 1.473303996992725615e+02
