0.000000000000000000e+00 7.485591454193494698e+00
2.600000000000000000e+02 7.447232955504253127e+00
5.200000000000000000e+02 7.395528379761556081e+00
7.800000000000000000e+02 7.346505516924955792e+00
1.040000000000000000e+03 7.354338949687551086e+00
1.300000000000000000e+03 7.333092958572010822e+00
1.560000000000000000e+03 7.325368753689000201e+00
1.820000000000000000e+03 7.331035709526812383e+00
2.080000000000000000e+03 7.319783195980215318e+00
2.340000000000000000e+03 7.301309482125054373e+00
2.600000000000000000e+03 7.280225801607906888e+00
2.860000000000000000e+03 7.265120730429012852e+00
3.120000000000000000e+03 7.245594612704392645e+00
3.380000000000000000e+03 7.252525706171376818e+00
3.640000000000000000e+03 7.249703005594287930e+00
3.900000000000000000e+03 7.247171931312612614e+00
4.160000000000000000e+03 7.240504714196733360e+00
4.420000000000000000e+03 7.240285424143015014e+00
4.680000000000000000e+03 7.202416922046928072e+00
4.940000000000000000e+03 7.190146171945216658e+00
5.200000000000000000e+03 7.165528056984289407e+00
5.460000000000000000e+03 7.177557502493357333e+00
5.720000000000000000e+03 7.186084390000898381e+00
5.980000000000000000e+03 7.175696818831101886e+00
6.240000000000000000e+03 7.157544425274325661e+00
6.500000000000000000e+03 7.159270231613850122e+00
6.760000000000000000e+03 7.159611237810699969e+00
7.020000000000000000e+03 7.140398109343966127e+00
7.280000000000000000e+03 7.139197154637664688e+00
7.540000000000000000e+03 7.120921128312581061e+00
7.800000000000000000e+03 7.127297586405153318e+00
8.060000000000000000e+03 7.116421397195439091e+00
8.320000000000000000e+03 7.117414861994434183e+00
8.580000000000000000e+03 7.114329735439261171e+00
8.840000000000000000e+03 7.111969502265753640e+00
9.100000000000000000e+03 7.108388515690855058e+00
9.360000000000000000e+03 7.106664297554349474e+00
9.620000000000000000e+03 7.115086010189060062e+00
9.880000000000000000e+03 7.110941244177367615e+00
1.014000000000000000e+04 7.102459824395516819e+00
1.040000000000000000e+04 7.104108154881472181e+00
1.066000000000000000e+04 7.103858328237896202e+00
1.092000000000000000e+04 7.105969255482198044e+00
1.118000000000000000e+04 7.100838803755262774e+00
1.144000000000000000e+04 7.123594384091942899e+00
1.170000000000000000e+04 7.122358031815921642e+00
1.196000000000000000e+04 7.142086690416753925e+00
1.222000000000000000e+04 7.137326358872610577e+00
1.248000000000000000e+04 7.152896235591702734e+00
1.274000000000000000e+04 7.175051098950872230e+00
1.300000000000000000e+04 7.168650992416335299e+00
1.326000000000000000e+04 7.186247668219419182e+00
1.352000000000000000e+04 7.208407271155850005e+00
1.378000000000000000e+04 7.235955475738049536e+00
1.404000000000000000e+04 7.228208916534946127e+00
1.430000000000000000e+04 7.264584287356504078e+00
1.456000000000000000e+04 7.296332217404894571e+00
1.482000000000000000e+04 7.303251951427065514e+00
1.508000000000000000e+04 7.304849604521796103e+00
1.534000000000000000e+04 7.346443504266928493e+00
1.560000000000000000e+04 7.347888581489315563e+00
1.586000000000000000e+04 7.384658209730678990e+00
1.612000000000000000e+04 7.429582492048772302e+00
1.638000000000000000e+04 7.413865992116020820e+00
1.664000000000000000e+04 7.453074079966544474e+00
1.690000000000000000e+04 7.459503202737527872e+00
1.716000000000000000e+04 7.487498403443927586e+00
1.742000000000000000e+04 7.470426228554132742e+00
1.768000000000000000e+04 7.476572497348006330e+00
1.794000000000000000e+04 7.556117976747612097e+00
1.820000000000000000e+04 7.510306928041772245e+00
1.846000000000000000e+04 7.529555622429699113e+00
1.872000000000000000e+04 7.571630770000235877e+00
1.898000000000000000e+04 7.541140390315761444e+00
1.924000000000000000e+04 7.575209233837387757e+00
1.950000000000000000e+04 7.550178332862616415e+00
1.976000000000000000e+04 7.573034016137277114e+00
2.002000000000000000e+04 7.515688955093193790e+00
2.028000000000000000e+04 7.541842492777132811e+00
2.054000000000000000e+04 7.542371056812142704e+00
2.080000000000000000e+04 7.496620472510291400e+00
2.106000000000000000e+04 7.490270429096430149e+00
2.132000000000000000e+04 7.446174169663247078e+00
2.158000000000000000e+04 7.477777505299306959e+00
2.184000000000000000e+04 7.419970963533215169e+00
2.210000000000000000e+04 7.361688481930037220e+00
2.236000000000000000e+04 7.372475562564603457e+00
2.262000000000000000e+04 7.307045529599615286e+00
2.288000000000000000e+04 7.294042042459531139e+00
2.314000000000000000e+04 7.260733187205501871e+00
2.340000000000000000e+04 7.184665240813544074e+00
2.366000000000000000e+04 7.173407440466006868e+00
2.392000000000000000e+04 7.107832123059552920e+00
2.418000000000000000e+04 7.086414946304850027e+00
2.444000000000000000e+04 7.046535003585253421e+00
2.470000000000000000e+04 6.999444006743254398e+00
2.496000000000000000e+04 6.967135033947796430e+00
2.522000000000000000e+04 6.911534348757673918e+00
2.548000000000000000e+04 6.884875973210898614e+00
2.574000000000000000e+04 6.836073472416223318e+00
2.600000000000000000e+04 6.840004864492603254e+00
2.626000000000000000e+04 6.785076983907305070e+00
2.652000000000000000e+04 6.740099474120772705e+00
2.678000000000000000e+04 6.723334355673741491e+00
2.704000000000000000e+04 6.697967099984818873e+00
2.730000000000000000e+04 6.683214669765496829e+00
2.756000000000000000e+04 6.665742285701362846e+00
2.782000000000000000e+04 6.631189209756076508e+00
2.808000000000000000e+04 6.618843887043206031e+00
2.834000000000000000e+04 6.595640074048659152e+00
2.860000000000000000e+04 6.582346653008589676e+00
2.886000000000000000e+04 6.558794097159908354e+00
2.912000000000000000e+04 6.554069913823019178e+00
2.938000000000000000e+04 6.540637962982621900e+00
2.964000000000000000e+04 6.531849346592258243e+00
2.990000000000000000e+04 6.520951326746270205e+00
3.016000000000000000e+04 6.512978886045756255e+00
3.042000000000000000e+04 6.492478468829026461e+00
3.068000000000000000e+04 6.493959301197421041e+00
3.094000000000000000e+04 6.492313981788216282e+00
3.120000000000000000e+04 6.488233988093456972e+00
3.146000000000000000e+04 6.470217263325551471e+00
3.172000000000000000e+04 6.468399952103962569e+00
3.198000000000000000e+04 6.456257201145652935e+00
3.224000000000000000e+04 6.447308330443188851e+00
3.250000000000000000e+04 6.454256511008995112e+00
3.276000000000000000e+04 6.445748885178581133e+00
3.302000000000000000e+04 6.438198664813143957e+00
3.328000000000000000e+04 6.423636090527836018e+00
3.354000000000000000e+04 6.408370057497656980e+00
3.380000000000000000e+04 6.402194379113807621e+00
3.406000000000000000e+04 6.406946494200965070e+00
3.432000000000000000e+04 6.402155278190494236e+00
3.458000000000000000e+04 6.386567526468647671e+00
3.484000000000000000e+04 6.382089081085686288e+00
3.510000000000000000e+04 6.378403557508209865e+00
3.536000000000000000e+04 6.374861364409855291e+00
3.562000000000000000e+04 6.361650856681545285e+00
3.588000000000000000e+04 6.366950551420845095e+00
3.614000000000000000e+04 6.344337326210670369e+00
3.640000000000000000e+04 6.346208333094107701e+00
3.666000000000000000e+04 6.328470029234882333e+00
3.692000000000000000e+04 6.338033931641616547e+00
3.718000000000000000e+04 6.318382823744702392e+00
3.744000000000000000e+04 6.308205001494496145e+00
3.770000000000000000e+04 6.313556007283227522e+00
3.796000000000000000e+04 6.323684433009881367e+00
3.822000000000000000e+04 6.316732501768058228e+00
3.848000000000000000e+04 6.312225838049175586e+00
3.874000000000000000e+04 6.308989468341271944e+00
3.900000000000000000e+04 6.297998474003408731e+00
3.926000000000000000e+04 6.289404120223477612e+00
3.952000000000000000e+04 6.290112531678564878e+00
3.978000000000000000e+04 6.272525031365686843e+00
4.004000000000000000e+04 6.262664574195528466e+00
4.030000000000000000e+04 6.267059162557004903e+00
4.056000000000000000e+04 6.251307670296895935e+00
4.082000000000000000e+04 6.252033989063219721e+00
4.108000000000000000e+04 6.246561642645949597e+00
4.134000000000000000e+04 6.249040455954569140e+00
4.160000000000000000e+04 6.232810114255093126e+00
4.186000000000000000e+04 6.228358704713537364e+00
4.212000000000000000e+04 6.232306001815194563e+00
4.238000000000000000e+04 6.258063702549069518e+00
4.264000000000000000e+04 6.248854543060621936e+00
4.290000000000000000e+04 6.220684884849944751e+00
4.316000000000000000e+04 6.200351035076142381e+00
4.342000000000000000e+04 6.204209392582358262e+00
4.368000000000000000e+04 6.204062338433582902e+00
4.394000000000000000e+04 6.189922014647910586e+00
4.420000000000000000e+04 6.202098547808731155e+00
4.446000000000000000e+04 6.191927429738533384e+00
4.472000000000000000e+04 6.184490324892403912e+00
4.498000000000000000e+04 6.175362554806150150e+00
4.524000000000000000e+04 6.183072410622596493e+00
4.550000000000000000e+04 6.176259598003353446e+00
4.576000000000000000e+04 6.171664262326763684e+00
4.602000000000000000e+04 6.160523816650634643e+00
4.628000000000000000e+04 6.140692665140438322e+00
4.654000000000000000e+04 6.144419083268500614e+00
4.680000000000000000e+04 6.137831354541548379e+00
4.706000000000000000e+04 6.134884370366185280e+00
4.732000000000000000e+04 6.127392944972511302e+00
4.758000000000000000e+04 6.125783714734282626e+00
4.784000000000000000e+04 6.117676185426861757e+00
4.810000000000000000e+04 6.112869231223566402e+00
4.836000000000000000e+04 6.114094319358100549e+00
4.862000000000000000e+04 6.099475687565371729e+00
4.888000000000000000e+04 6.112668748226726123e+00
4.914000000000000000e+04 6.101511255591479888e+00
4.940000000000000000e+04 6.083902114382977011e+00
4.966000000000000000e+04 6.083906986053424504e+00
4.992000000000000000e+04 6.083455287946049062e+00
5.018000000000000000e+04 6.075750152657739100e+00
5.044000000000000000e+04 6.084170631662582984e+00
5.070000000000000000e+04 6.065657579910973318e+00
5.096000000000000000e+04 6.067035221377076404e+00
5.122000000000000000e+04 6.066037602597551093e+00
5.148000000000000000e+04 6.047330589101532539e+00
5.174000000000000000e+04 6.041690829355078840e+00
