0.000000000000000000e+00 1.451569238458879774e+01
2.600000000000000000e+02 1.444381882989100419e+01
5.200000000000000000e+02 1.432222446938608051e+01
7.800000000000000000e+02 1.423035599656091321e+01
1.040000000000000000e+03 1.423891411775227667e+01
1.300000000000000000e+03 1.420234702585112707e+01
1.560000000000000000e+03 1.417845568125962608e+01
1.820000000000000000e+03 1.418883677912657149e+01
2.080000000000000000e+03 1.418201379403123674e+01
2.340000000000000000e+03 1.414371069979233830e+01
2.600000000000000000e+03 1.410161194293540277e+01
2.860000000000000000e+03 1.407474344813308065e+01
3.120000000000000000e+03 1.404069425750346944e+01
3.380000000000000000e+03 1.404732883184544967e+01
3.640000000000000000e+03 1.403337487623996616e+01
3.900000000000000000e+03 1.404653058433367896e+01
4.160000000000000000e+03 1.403639941085162945e+01
4.420000000000000000e+03 1.401468432450441348e+01
4.680000000000000000e+03 1.394124218138765059e+01
4.940000000000000000e+03 1.392042949443463051e+01
5.200000000000000000e+03 1.387655815005663662e+01
5.460000000000000000e+03 1.389117818034421425e+01
5.720000000000000000e+03 1.390870868978188568e+01
5.980000000000000000e+03 1.387935725883991367e+01
6.240000000000000000e+03 1.386092723781625402e+01
6.500000000000000000e+03 1.385739302493553993e+01
6.760000000000000000e+03 1.385057752626185668e+01
7.020000000000000000e+03 1.380765920655190548e+01
7.280000000000000000e+03 1.379364214861977445e+01
7.540000000000000000e+03 1.377101345655102627e+01
7.800000000000000000e+03 1.377296853632503293e+01
8.060000000000000000e+03 1.374344153484145359e+01
8.320000000000000000e+03 1.373327257892607811e+01
8.580000000000000000e+03 1.372786907738968232e+01
8.840000000000000000e+03 1.371162452766549222e+01
9.100000000000000000e+03 1.370527778032577260e+01
9.360000000000000000e+03 1.368007660162069250e+01
9.620000000000000000e+03 1.368885865133003321e+01
9.880000000000000000e+03 1.365610229493603889e+01
1.014000000000000000e+04 1.364479402885628367e+01
1.040000000000000000e+04 1.363537828981377231e+01
1.066000000000000000e+04 1.362638357062959749e+01
1.092000000000000000e+04 1.360860501018679436e+01
1.118000000000000000e+04 1.359109651000878038e+01
1.144000000000000000e+04 1.360122101192154886e+01
1.170000000000000000e+04 1.358566071408384701e+01
1.196000000000000000e+04 1.359054605008720351e+01
1.222000000000000000e+04 1.356552462799754188e+01
1.248000000000000000e+04 1.356633145990426037e+01
1.274000000000000000e+04 1.355799617187259010e+01
1.300000000000000000e+04 1.354795655229818685e+01
1.326000000000000000e+04 1.354456235951581888e+01
1.352000000000000000e+04 1.354908260171842826e+01
1.378000000000000000e+04 1.354568846937935866e+01
1.404000000000000000e+04 1.352523944368017617e+01
1.430000000000000000e+04 1.355192124687299504e+01
1.456000000000000000e+04 1.353207937319200660e+01
1.482000000000000000e+04 1.351994470833431627e+01
1.508000000000000000e+04 1.351375312889374847e+01
1.534000000000000000e+04 1.352562508764793314e+01
1.560000000000000000e+04 1.350782889106251972e+01
1.586000000000000000e+04 1.350639609085303761e+01
1.612000000000000000e+04 1.351655227056019015e+01
1.638000000000000000e+04 1.349873195877263576e+01
1.664000000000000000e+04 1.350381766722560251e+01
1.690000000000000000e+04 1.349266242170436847e+01
1.716000000000000000e+04 1.348757085710504633e+01
1.742000000000000000e+04 1.345854871434490896e+01
1.768000000000000000e+04 1.347053800768085452e+01
1.794000000000000000e+04 1.349304454696700972e+01
1.820000000000000000e+04 1.343357423602953382e+01
1.846000000000000000e+04 1.344745022511255961e+01
1.872000000000000000e+04 1.345413821416256006e+01
1.898000000000000000e+04 1.343083400042054976e+01
1.924000000000000000e+04 1.343167283539902535e+01
1.950000000000000000e+04 1.340928586913243237e+01
1.976000000000000000e+04 1.340447255565202411e+01
2.002000000000000000e+04 1.336212601073982320e+01
2.028000000000000000e+04 1.337072345770245896e+01
2.054000000000000000e+04 1.336885670886153399e+01
2.080000000000000000e+04 1.333137516013357882e+01
2.106000000000000000e+04 1.332515389578389176e+01
2.132000000000000000e+04 1.328387058336302040e+01
2.158000000000000000e+04 1.332176600076462947e+01
2.184000000000000000e+04 1.326563526036204799e+01
2.210000000000000000e+04 1.321104973466708010e+01
2.236000000000000000e+04 1.323172869656451311e+01
2.262000000000000000e+04 1.319683812481371277e+01
2.288000000000000000e+04 1.317486873548942050e+01
2.314000000000000000e+04 1.317402298661618687e+01
2.340000000000000000e+04 1.310958649321804970e+01
2.366000000000000000e+04 1.310212893532992062e+01
2.392000000000000000e+04 1.306024939580873934e+01
2.418000000000000000e+04 1.304072725254294873e+01
2.444000000000000000e+04 1.300782797492077236e+01
2.470000000000000000e+04 1.297064332262922548e+01
2.496000000000000000e+04 1.294130957924996572e+01
2.522000000000000000e+04 1.290542422312862314e+01
2.548000000000000000e+04 1.289413645892363114e+01
2.574000000000000000e+04 1.284978246580187822e+01
2.600000000000000000e+04 1.286118936207070718e+01
2.626000000000000000e+04 1.281476997108552318e+01
2.652000000000000000e+04 1.277083664067630586e+01
2.678000000000000000e+04 1.275791518417097770e+01
2.704000000000000000e+04 1.274504956357636587e+01
2.730000000000000000e+04 1.273891631631342669e+01
2.756000000000000000e+04 1.272160364777399089e+01
2.782000000000000000e+04 1.268799947329719302e+01
2.808000000000000000e+04 1.269062409516345724e+01
2.834000000000000000e+04 1.265789576745809697e+01
2.860000000000000000e+04 1.263753622890474482e+01
2.886000000000000000e+04 1.261704467544384300e+01
2.912000000000000000e+04 1.261665462453018982e+01
2.938000000000000000e+04 1.259837437052175346e+01
2.964000000000000000e+04 1.258696896449153613e+01
2.990000000000000000e+04 1.257566585595683861e+01
3.016000000000000000e+04 1.256451552760920087e+01
3.042000000000000000e+04 1.254245388178447307e+01
3.068000000000000000e+04 1.253693232684855019e+01
3.094000000000000000e+04 1.254381483582141321e+01
3.120000000000000000e+04 1.253008916977892540e+01
3.146000000000000000e+04 1.251248135838138786e+01
3.172000000000000000e+04 1.250064221713295964e+01
3.198000000000000000e+04 1.248901268198657100e+01
3.224000000000000000e+04 1.246021143527216424e+01
3.250000000000000000e+04 1.247188236301759368e+01
3.276000000000000000e+04 1.246003775644910583e+01
3.302000000000000000e+04 1.244925665615174282e+01
3.328000000000000000e+04 1.241983118959712051e+01
3.354000000000000000e+04 1.240842712860830765e+01
3.380000000000000000e+04 1.238668219479511379e+01
3.406000000000000000e+04 1.239054140768466716e+01
3.432000000000000000e+04 1.238904532177293660e+01
3.458000000000000000e+04 1.235543988554496053e+01
3.484000000000000000e+04 1.235415677819572444e+01
3.510000000000000000e+04 1.233977071831329120e+01
3.536000000000000000e+04 1.234070969848673194e+01
3.562000000000000000e+04 1.231501930260904309e+01
3.588000000000000000e+04 1.232853224582198948e+01
3.614000000000000000e+04 1.228500826686569702e+01
3.640000000000000000e+04 1.227861452975109380e+01
3.666000000000000000e+04 1.225438973302570389e+01
3.692000000000000000e+04 1.228002886934159577e+01
3.718000000000000000e+04 1.223152588497623405e+01
3.744000000000000000e+04 1.222505466113292094e+01
3.770000000000000000e+04 1.221923755518073307e+01
3.796000000000000000e+04 1.222599963382239530e+01
3.822000000000000000e+04 1.223614773139491874e+01
3.848000000000000000e+04 1.221558668792494728e+01
3.874000000000000000e+04 1.222156553871563212e+01
3.900000000000000000e+04 1.218910559030772767e+01
3.926000000000000000e+04 1.217732459733880823e+01
3.952000000000000000e+04 1.217487797564082008e+01
3.978000000000000000e+04 1.213064412076136911e+01
4.004000000000000000e+04 1.213439360877339723e+01
4.030000000000000000e+04 1.212586656123492723e+01
4.056000000000000000e+04 1.210976375551898698e+01
4.082000000000000000e+04 1.210495151685769599e+01
4.108000000000000000e+04 1.209387074082207647e+01
4.134000000000000000e+04 1.210162698895229028e+01
4.160000000000000000e+04 1.206090874245599309e+01
4.186000000000000000e+04 1.205071236085528241e+01
4.212000000000000000e+04 1.206695701970556378e+01
4.238000000000000000e+04 1.211001454324344984e+01
4.264000000000000000e+04 1.210746300299671852e+01
4.290000000000000000e+04 1.204805182688783027e+01
4.316000000000000000e+04 1.200353213254057572e+01
4.342000000000000000e+04 1.200814063116927066e+01
4.368000000000000000e+04 1.201642940119367609e+01
4.394000000000000000e+04 1.199510632244998298e+01
4.420000000000000000e+04 1.200651090868514004e+01
4.446000000000000000e+04 1.198805133025037328e+01
4.472000000000000000e+04 1.197280968512597354e+01
4.498000000000000000e+04 1.196742449330416846e+01
4.524000000000000000e+04 1.197291224570678381e+01
4.550000000000000000e+04 1.194616779708478482e+01
4.576000000000000000e+04 1.194471200402131927e+01
4.602000000000000000e+04 1.193106755913645323e+01
4.628000000000000000e+04 1.188966127926151373e+01
4.654000000000000000e+04 1.189476585446424650e+01
4.680000000000000000e+04 1.188874411481767801e+01
4.706000000000000000e+04 1.187697772777003635e+01
4.732000000000000000e+04 1.186873326813225127e+01
4.758000000000000000e+04 1.185281021239831567e+01
4.784000000000000000e+04 1.184979518850143165e+01
4.810000000000000000e+04 1.182683815923263637e+01
4.836000000000000000e+04 1.182801264882287917e+01
4.862000000000000000e+04 1.181848616367956595e+01
4.888000000000000000e+04 1.182692478444727868e+01
4.914000000000000000e+04 1.180171325786653291e+01
4.940000000000000000e+04 1.177616224233187836e+01
4.966000000000000000e+04 1.177833125682882098e+01
4.992000000000000000e+04 1.177616941108975546e+01
5.018000000000000000e+04 1.176221250745314784e+01
5.044000000000000000e+04 1.177416153864025183e+01
5.070000000000000000e+04 1.175185712109154323e+01
5.096000000000000000e+04 1.173934302480169123e+01
5.122000000000000000e+04 1.173248214886491780e+01
5.148000000000000000e+04 1.170926900945539550e+01
5.174000000000000000e+04 1.169777044517166686e+01
